score: 0.6150352547737626
Duration: 0.23569369316101074
