score: 0.8548636093214064
Duration: 6.580273866653442
