score: 0.6689920743244161
Duration: 2.0783474445343018
