score: 0.8367829560864444
Duration: 42.60816025733948
