ingestion_duration: 8.739880084991455
ingestion_success: 1
end_time: 1568794819.0935833
