score: 0.8043831959246618
Duration: 7.2505223751068115
