score: 0.7532791040527133
Duration: 9.757461309432983
